{
  "volume_cm3": 1.687152,
  "surface_area_cm2": 50.860908,
  "approx_material_volume_cm3": 1.687152,
  "approx_weight_grams": 2.09206848,
  "approx_cost": 0.09623515008000001
}