{
  "volume_cm3": 7.718511800000001,
  "surface_area_cm2": 159.58341000000001,
  "approx_material_volume_cm3": 7.718511800000001,
  "approx_weight_grams": 9.570954632000001,
  "approx_cost": 0.440263913072
}