{
  "volume_cm3": 1.4136780000000002,
  "surface_area_cm2": 48.441827,
  "approx_material_volume_cm3": 1.4136780000000002,
  "approx_weight_grams": 1.7529607200000004,
  "approx_cost": 0.08063619312000002
}